122.14088550605827,0.05988200241187875,-0.19097063329647096,0.4368924828784233,-0.3005025503496341,0.041350492873522444,-0.026437528467216576,0.026330423558779105,2.9393772072604936,0.00866487956074714,-0.8420390867472222,2.924197061073189e-8,-1.6137616595464562e-7,-0.7170506824679437,-9.183280711325466e-9,9.066890251673167e-8,-0.0376170570370673,5.53516729498124e-9,-0.035170780827896465,0.009967027906027978,-7.388659760569155e-8,-1.7482852425886408,0.02542641770662406,0.009119951058817981,0.1978563972891481,-0.11885012287457852,0.014883951215608406,4.155483383318939e-9,-0.04843199511938441,0.009472060492056417,-7.158997340884559e-8,-0.0036919459920782224,-0.0424793621634911,-0.08066764891705983,-0.003967439302130142,0.018422536721450295,0.03761706620968679,0.035170821060523286,-0.009967070888842442,-1.1552328076777953e-9,3.927556878374022e-9,3.536780193288245e-8,20.38760645099982,0.02638680519006327,-0.02632456271726368,-2.9394132533158412,-0.018137514709057778,0.004573294938058238,7.32437483154873e-7,-5.204140381705596e-7,-1.2914473050487796e-5,-7.083351210393369e-7,-0.0005074457821607013,1.6807298335177685e-6,1.1342132272426322e-8,0.006102994184295846,0.0011295771244165032,6.289820186299977e-7,-7.78350652365393e-9,-0.0040646596347630615,1.2714925013067674e-6,0.0011998759934591656,0.0026320213607584275,-5.825130773566652,-4.801756168996788e-6,-6.316150558735873e-6,0.8374851312052216,0.0036898717549285363,1.3237463806564375e-5,-4.941156664954644e-7,9.695268213516579e-8,0.000507943415507928,-1.0778063741443015e-7,-8.162528087402269e-6,-4.619342384483829e-7,-0.0011293829789760664,-0.002161592199737259,6.116178667255563e-7,0.004064838088134948,-0.0011999372264624062,-0.0026308688557599384,-2.4455094990208273e-7,4.0309634646055313e-7,-5.120196617612854e-7,-5.242105084417153,0.0484593719821424,0.042421721547589386,0.7977327088678714,0.004058315751052011,-0.018425725235351742,-2.342796780120912e-7,-4.0956061359003787e-8,-0.006102676619225703,4.322373172949255e-7,0.0021613675357540496,-3.08284212727249e-7,-1.1142861176396761e-6,-1.1764470072135513e-5,1.349239899168765e-8,-1.3110061701051548e-7,-1.0328995628455273e-6,5.183666988537799e-8,-2.6991019373272953e-7,2.1903353413826974e-7,-1.2964437076229557e-7
0.05988200241187875,38.02224250228465,29.558194254825555,-0.13042184828229553,0.5890181567112465,-0.04781306338761167,-0.07377098792797315,-7.202063294132352,1.2422248160977085,-5.205484219189591,-0.5492839009610606,1.1330766680649373e-8,-2.606339052449725e-7,-4.702971435295941,1.2770076556551567e-9,2.475135306275509e-7,0.07299364719097767,-6.33125304353138e-9,0.02976842514096293,-0.01995553726356476,-9.552254321981315e-8,-0.06941966265452608,-36.44083233779754,14.667488864919552,-0.07666911975634828,0.24411322829719662,-0.014800210465434529,-1.1587036181543185e-8,16.862789370927874,4.797994658748045,-2.68587214777659e-8,-0.6063985094100669,-0.04948132110683807,9.293635715199043,-0.4519614364980231,-1.914749998271382,-0.07299362042371528,-0.029768406245949997,0.019955495912985947,4.361566924443768e-8,-2.9157087968417852e-9,3.208255645449074e-8,-0.6529410573947714,0.07402001910676857,7.202035653332931,-1.2420243188759161,0.4075230117573303,0.48759043431982463,-2.858967296473609e-7,-1.402597574510678e-7,-1.4835767064590625e-5,-6.486512357502182e-7,-0.24684805137073687,1.1445576920056635e-6,2.2043147390802115e-6,-1.3116017296697882,-0.1641704860154781,2.2732168828166078e-7,-5.760150152776841e-7,0.001941442222311795,7.973047314550253e-7,-0.0036563923367967277,6.0067482145418804e-5,0.17278534730729614,1.524189089982327e-5,-1.823990663042256e-5,0.06171908790291691,0.6063964341967745,1.7176055948244863e-5,-1.4222567803162185e-7,-6.47226651493759e-8,0.24684875497749725,-2.4986501848293216e-7,-1.1348125463790172e-5,-3.9596719168482285e-7,0.16417050043254927,0.3121320722324034,2.4675441272168444e-6,-0.0019409772121193082,0.003656386904638431,-5.970639503039702e-5,-1.6634031892753804e-7,1.3781503782803386e-7,-1.7759657024222347e-7,0.09304996081155623,-16.862801691133466,0.04943622275716822,-4.590519573495821,0.4520980140649071,1.9147202130012604,-7.106194424385114e-8,-1.3232042620682373e-7,1.3116023674620123,2.571168376119261e-6,-0.3121324320228775,-3.155895131141246e-7,-1.1549381789255497e-6,-1.0266703256394951e-5,-2.3528444883750689e-7,-1.4204242680335075e-7,-8.521981319886654e-7,1.0261771508583875e-7,-1.9917009448012204e-7,9.145177327111047e-9,-1.0415664337724161e-7
-0.19097063329647096,29.558194254825555,67.62370178829957,0.12434722059154063,-0.6037834603790776,-0.2207629124611485,0.02463112192869772,-11.696960305212297,2.5418706714231805,1.7444948909696012,-1.1954379388941048,-7.613795940407496e-9,1.0310846194116618e-7,-10.98797362720026,-3.878982942109431e-9,-9.799037655725712e-8,-0.07540340362688944,-2.0963943620079466e-9,-0.03371932959246782,0.0212189112592256,4.9554099322778994e-8,0.015176115853318276,12.207521379647954,-20.57680517738734,0.07496839868258882,-0.24907916803973665,-0.10052193255180018,3.304715574452338e-9,27.215890648403096,-1.4813681149891709,4.6496110342742754e-8,0.19982592047128447,0.05734640287177561,21.26232476704801,0.28354540230238257,-4.353751737862229,0.07540334414896337,0.033719307907819594,-0.021218875742414614,-2.730417111531211e-8,1.0685000453813794e-9,-9.149896522824817e-9,0.2294387300267827,-0.024660227932088444,11.697099948241446,-2.541944544609729,-0.26310335015803316,1.0612425376895018,5.3981684335315454e-8,-2.208834781684354e-6,6.622811450324437e-6,4.588242378168571e-7,-0.3086876649088683,-3.149489076835225e-7,-3.7050737043802083e-6,-1.4828409850365853,-0.37438668623679894,-1.9352446229932018e-7,3.009842855983134e-7,0.005104445583063886,-4.01683681307693e-7,0.007176260624092125,0.00029982619737055116,-0.08284495541261198,-1.7654811110107123e-5,-1.0315559751080348e-5,0.13419341647099942,-0.1998416681578549,-9.440236685277857e-7,1.845032174399787e-7,9.610404981339637e-7,0.3086870154649621,1.3593969382748754e-7,4.396252946463218e-6,1.3773289317058822e-7,0.37438678102183326,0.3453057469074877,-3.3487252767484184e-6,-0.00510457408102654,-0.00717623490497191,-0.0003001827874060313,7.896506906082175e-8,7.735471192551345e-9,1.6460588414045084e-7,-0.1436224798837688,-27.21586231239392,-0.057364356463852476,-10.2743736158399,-0.28365472227161204,4.353757284480033,1.1499489360266417e-7,1.9341180637456104e-7,1.4828406930583105,-3.3087880330901363e-6,-0.3453054944551998,2.4671967005627686e-7,4.996588101136696e-7,6.033072362715627e-6,1.156592818743714e-7,8.03236455837316e-8,-1.5011742543788362e-6,-4.172060769096117e-8,1.0632893678090632e-7,7.583004405490113e-7,7.4464079062174e-8
0.4368924828784233,-0.13042184828229553,0.12434722059154063,39.225559942694986,-31.37827008999644,23.0846603877841,-0.020373739753447754,-0.0347697168248626,-3.543970060675284,0.11557060320840963,-1.48015384104004,4.141504850154201e-8,-1.9679944174540276e-7,0.7627985137079936,-1.9432962297856804e-8,1.3395454986318386e-8,-9.85663039484848,3.658967817964519e-8,-1.8741605103078616,2.6836218689934985,-8.012852773332085e-8,-0.26422217094137357,0.8311876765363321,-0.011561847189795292,-34.53883876258547,-12.912533067459492,9.126712687168407,-1.5567946911300596e-8,0.09333670646578672,6.324339777237666,-4.6251412389410004e-8,-1.7866613802412818,-0.0385273078723769,0.3087024767565223,-1.6388871544537416,0.9319472755903478,9.856630387502797,1.8741605361632825,-2.683621945804335,-7.882829628612242e-9,1.0497847069774726e-8,6.920271700512109e-8,-1.1715782967925001,0.020290293212144296,0.03477700831810569,3.5439778453933224,-6.439909789153857,5.158597402740365,1.4681125795492346e-7,1.4626273528917113e-6,-2.2152920894655895e-5,-2.705576375275731e-6,-0.4308557532244371,1.5315242729375969e-6,-2.2420726968940468e-7,-0.0257544294387225,0.08025142409691459,2.2160391376081712e-7,-1.05842980940525e-6,-0.8951986626376299,7.290528170056989e-7,0.27429399047367925,0.0037770225052594177,0.3103046999827371,1.9458432981810798e-6,-1.1398507652871566e-5,-3.6784140295704173,1.7866574911433892,3.339947483029414e-5,-2.0215589537994459e-7,-8.210658095641223e-7,0.43085895591328655,5.537180171647092e-7,-8.308460459807098e-6,-3.526910796694878e-7,-0.08025103370311118,-0.10429530503742222,6.589008092076012e-7,0.8951993531183942,-0.2742942754407003,-0.003776348048897199,9.155454492769566e-8,-5.538359068465423e-7,-6.292384584386536e-7,0.2999681919349487,-0.09328635153563183,0.03845740813120242,-1.0715405195173278,1.6389929327555972,-0.9319379327446154,-3.072483381825717e-8,-1.6156140380846346e-6,0.02575483873509474,1.2713185873756632e-7,0.10429489325957676,-2.116650802664395e-7,-3.385861936290827e-6,-1.7686118872777307e-5,7.101583098140856e-7,1.1812527454486764e-7,-1.7477258764424287e-7,4.2413006002409775e-8,-1.7604314643224968e-7,-2.4891248346875113e-7,7.178073240283651e-8
-0.3005025503496341,0.5890181567112465,-0.6037834603790776,-31.37827008999644,101.98742457975196,8.744674188120708,-0.008148386874130796,0.11839257067144374,6.938913850819095,-0.3035864034432603,-2.965311240969876,2.378716376667109e-8,-9.205923983736123e-8,-1.7439616948335144,-5.7293398425571955e-9,5.984768264479662e-10,10.571088837605453,1.8354373924845166e-8,-1.4483035728625053,-2.877704042508824,-3.4296228403492705e-8,1.0041367128629757,-2.090471880956964,-0.02184657099556747,-16.46781830231118,-10.042832780220083,4.569875635501059,5.164583812382857e-10,-0.27155046739047833,-16.701520530655834,-2.5679549780105844e-8,4.8305986395403995,-0.01622894318805174,-0.08403833320260144,4.333647880131158,0.412330520184705,-10.571088843245107,1.4483035899277836,2.8777040097540496,-2.969160804117452e-9,4.5925176688926566e-9,3.2028312196003286e-8,-0.4805476147127787,0.008117680258988591,-0.11837741507568554,-6.938921928200669,17.005114667682633,2.0334070260754276,1.0242806935949536e-7,5.430627761158589e-7,-8.998045119990945e-6,-1.6072043525985266e-6,-0.1709370502021897,6.461240718047937e-7,-1.268005937842284e-7,0.0069817955010295606,0.035468173634837334,1.5398001481879115e-7,-8.848148785515614e-7,-0.005426658429791564,2.884718314650208e-7,-0.7070676813775201,0.0015697647374953551,0.12687391984226098,-1.9475767202342216e-6,-9.661544218745778e-6,0.9319144528934772,-4.830597331742183,1.2792127209467883e-5,-8.688589112050566e-8,-3.166953628994983e-7,0.17093830977143976,4.2611370114255604e-7,-3.482796353313418e-6,-1.4928487941456078e-7,-0.035468008208055485,-0.044835619095975804,2.529878311520811e-7,0.005426907628219662,0.7070675674143617,-0.0015694971971066045,4.697314752279393e-8,-6.013056903586035e-7,-2.6381684212071873e-7,0.1234248527053847,0.2715629210270471,0.016187845734830474,1.8279820051232498,-4.333608290226287,-0.41232663892033383,-1.6796299701327643e-8,-1.0728185817573092e-6,-0.0069816119863036,3.776171363824583e-8,0.04483545656790344,-6.78546032589735e-8,-1.7851482646344535e-6,-7.379813219996261e-6,4.467702483821434e-7,5.1566334047088375e-8,-1.0061718890666367e-7,1.9998605536280232e-8,-5.2470288180491927e-8,-8.600365260565668e-8,3.133284881265887e-8
0.041350492873522444,-0.04781306338761167,-0.2207629124611485,23.0846603877841,8.744674188120708,113.08893988174113,0.005583635055638285,0.04252671970378367,-1.8614692919254723,-0.036282102953296765,-9.69146800695948,-1.1202585819053481e-8,5.408872634899021e-8,-0.020593031099085248,5.815115300773651e-9,-2.294701769249064e-9,2.7098059912540116,-9.37717642474768e-9,0.5222364464379791,-1.033005016952295,2.1926687925127884e-8,0.07125851415358234,-0.26043795769964884,0.05584537760396826,9.119358434911177,3.598299246581141,-5.403893164531119,4.4206766638917935e-9,-0.10257006509484919,-1.7161872128591917,1.3071238823647463e-8,0.6471821721593847,0.010574766191474705,1.0319495098805067,0.45350308561529656,3.8725616976924644,-2.7098059897162705,-0.5222364540376891,1.0330050388685257,2.48069842442445e-9,-2.7348610957129145e-9,-1.9254008691831353e-8,0.32414021201381127,-0.0055614157314348486,-0.04252811852208498,1.8614778153543448,1.7524689671543574,21.152235687770826,-4.086520352272687e-8,-4.4841788835065073e-7,6.132542660251498e-6,7.488137872651806e-7,-1.7671809793701272,-4.200180239656907e-7,6.57573452693909e-8,-0.08679793874141438,0.331840827716406,-6.40440086004074e-8,2.975484474166354e-7,-3.140954045058633,-1.9745474641754888e-7,-0.051755207587122896,-0.001055841433587862,-0.19351648527690707,-1.2856299839948321e-5,1.571059154494407e-6,-11.46075235115432,-0.647179842259073,-1.4899637877015395e-5,4.727537042894273e-8,2.1047437485584862e-7,1.7671800276352652,-1.3495997982148941e-7,2.2800769731793675e-6,9.167892350774096e-8,-0.3318409357023747,-0.428484239722545,-1.7825914524239495e-7,3.1409538430058292,0.05175528775341865,0.0010556546349951082,-3.1336995626262306e-8,1.598610697528311e-7,1.660751280447811e-7,-0.08857311301778802,0.10255598872433423,-0.010554941982812168,-1.0113443495073595,-0.4535332882857003,-3.8725659312617204,8.7875048901825e-9,4.5545854428981914e-7,0.08679782402394955,-2.851834957476239e-8,0.4284843531115309,6.185213579133385e-8,9.397083557630593e-7,4.889005354796117e-6,-1.85284810997972e-7,-3.2497104709297e-8,1.631402792465972e-8,-1.149074666863192e-8,5.139636824482888e-8,5.886235226822237e-8,-2.1257806314002673e-8
-0.026437528467216576,-0.07377098792797315,0.02463112192869772,-0.020373739753447754,-0.008148386874130796,0.005583635055638285,0.02040891156370514,-0.005107332894758991,0.005206989210300159,-0.004317385330612556,-0.0024877288707452413,-6.045226459329585e-10,6.289986999590557e-8,-0.007118121838285967,-1.3462135990285073e-9,-4.560169563287182e-8,-0.0005637766136179168,-8.778383952556291e-10,0.00017147950637542576,0.00016146374418692206,2.2014439970089552e-8,-0.011390878608295286,-0.030221375704655426,0.013275452447007776,-0.008572478759907432,-0.0035415866895392627,0.0023473589596338155,-5.535985937675165e-10,0.011917000001888226,0.005446069551152343,1.1829458696298931e-8,-0.000972672771624096,0.002495882217204127,0.011917583170346465,-0.0007799477569412212,-0.002226096515072358,0.0005637705552103371,-0.0001714922078412948,-0.00016145227233426484,-4.74997544083171e-9,1.3796474429485598e-9,-8.751142142042286e-9,0.13070209225846743,-0.02040892687261549,0.005102836947786536,-0.005198732866878989,-0.0011340586420718686,0.0018391452533407873,7.358997529602102e-8,1.1423217357511465e-7,3.4822914129739205e-6,1.5109307033383922e-7,0.0003907354941711547,-3.084729705104886e-7,1.7186799828011192e-7,-0.0009304893250479072,-0.00010187452846519104,-3.9760581329649596e-8,1.6247276428808527e-7,4.9067183617995743e-5,-1.9799524065988347e-7,1.3273422530317871e-5,6.622689774897377e-5,-0.037321333697872626,3.097801092213751e-8,1.7024840238781743e-6,0.0006425963662945864,0.0009740011669588062,-2.1491280255402684e-7,5.606982338197416e-10,-2.695483111977977e-8,-0.00039086219083053276,9.886420841482373e-9,2.733908698726754e-6,9.817209735561964e-8,0.0001018348356693141,0.00036440697993149224,1.6938994205465927e-9,-4.920536509272048e-5,-1.3260151276263433e-5,-6.630546885682352e-5,4.263538691846241e-8,-1.0360193019864607e-8,2.299853692866456e-8,-0.03366160580664629,-0.011916928214435052,-0.0024825218221152297,-0.004810407479007737,0.0007533149830826955,0.002227307230877871,-1.5070957430399288e-9,1.549380526187941e-8,0.000930339020923047,-3.622372305776864e-8,-0.0003643318333439632,7.639814071896283e-8,3.0864474156844533e-7,1.8964884587055963e-6,2.8629349113968948e-8,3.580136760584497e-8,3.023216199312526e-7,-2.7452432181662788e-8,7.891615862782653e-8,-6.24639485609915e-8,1.6497908053494866e-8
0.026330423558779105,-7.202063294132352,-11.696960305212297,-0.0347697168248626,0.11839257067144374,0.04252671970378367,-0.005107332894758991,2.8578111538324578,-0.45278176069497256,-0.4249451568097251,0.20854153708101608,4.917637185836585e-9,-9.189160205206694e-9,1.8556801881395981,6.585566234100081e-10,7.932717450342883e-10,0.01502997153885962,2.1220570245063836e-9,0.0069241332549487946,-0.004265181685513079,7.115136423802992e-10,-0.008391056458061237,-2.9741783901341017,-5.803245117275484,-0.01927070480624158,0.04874292048355003,0.01941966972602726,-8.704304603967408e-10,-6.649592585679509,0.36284816227590183,7.379245435243717e-9,-0.04876466700804707,0.014633157152267161,-3.6761106929161675,-0.08100430594909695,0.7586009781214952,-0.01502996055850474,-0.006924142459027629,0.0042651837421607205,2.6716384304202643e-9,2.5580762842747843e-10,-6.925682541213162e-10,-0.0025368749109153823,0.005159915300800023,-2.857765123315871,0.45279236835800524,0.06211798430737251,-0.18584692138634074,-1.4855334096907495e-7,3.618951721472332e-7,-3.1412655264857504e-7,3.0697103982746224e-8,0.06901971667022702,1.0267322828203683e-7,9.489091526253271e-7,0.49391826457191046,0.06526986294682585,-1.3613382236567946e-7,-2.080041723116125e-9,-0.0008904177021200626,-7.930822309019461e-9,-0.0014260005443671334,0.00012796641080191606,0.0045904800758852496,-5.296777907811908e-6,-9.650468754957563e-6,-0.0226903895986818,0.04875765976722467,3.7356228077194547e-6,7.36822350696655e-8,-2.0079767386663737e-7,-0.06901973018149438,2.9627533544440703e-8,-5.067256200641927e-7,-4.0118521657930585e-8,-0.06526990574371822,-0.12353233158481203,7.923065962592889e-7,0.0008905383796188355,0.0014260193937837467,-0.00012802132315835313,1.1486154151421335e-10,2.1116757472866263e-8,3.910864524453584e-8,0.028837967561128535,6.649572575738099,-0.01464268009495046,1.820450679151403,0.08098615484598515,-0.7586030630459514,-8.46085679043696e-9,3.0032828320344016e-8,-0.49391823191753237,8.629128764407462e-7,0.12353230360432994,-3.8274082919706537e-8,-5.003287047274254e-8,4.277746634274563e-7,5.977590656699307e-9,-8.078763482265004e-9,2.026992736277253e-7,-4.228184477645708e-9,-1.2881381581482348e-8,-1.6137037059036308e-7,-3.86964297218416e-9
2.9393772072604936,1.2422248160977085,2.5418706714231805,-3.543970060675284,6.938913850819095,-1.8614692919254723,0.005206989210300159,-0.45278176069497256,8.739506641879853,0.04375392221683772,15.138174406834791,-1.3277620536713394e-8,5.379942581146062e-8,13.07813203008531,4.337628302116871e-9,-8.967904812760247e-10,0.883307804078951,-9.496740443045166e-9,0.41468140097742384,-0.24047289406242714,1.912441414831315e-8,0.015279251217041273,0.2993111648617447,-0.6665649427261222,-1.7720227392385945,2.8555941969970142,-0.7288076255634227,4.8268389115443815e-9,1.0536168283839367,-1.5833647928622747,1.3143028482534136e-8,0.18590442049010822,0.01006944113367811,0.7865356487964629,0.1737198632336674,-0.24067633105149114,-0.8833078003071051,-0.414681406662456,0.2404729100907657,1.3378952116497394e-9,-2.794590106184027e-9,-1.656698168756765e-8,0.8608606946987777,-0.005160754691490625,0.45276163329184493,-8.739449808000398,1.5395907348622007,-0.3734682864065112,-2.5597367238927774e-8,1.3490330923691145e-7,4.8013394362373535e-6,5.604126486179639e-7,3.0401677494366095,-3.0856704362826544e-7,4.955223675563173e-8,2.6576277007455453,-0.02046427159855914,-5.666542917753905e-8,2.942757690743119e-7,0.07495325520304108,-1.1369766883115491e-7,-0.026939303207543362,-0.0008890129290264161,-0.07273508676806431,7.344626212485537e-7,5.999699182756282e-6,-14.764692188720351,-0.18590099067743085,-1.0295149025239783e-5,4.731865177308223e-8,-9.222643905382565e-9,-3.040168380040128,-9.658440543861398e-8,2.0291217245440063e-6,7.001326866027469e-8,0.020464199415954915,0.02105530661218033,-1.5343446085961977e-7,-0.07495339183903091,0.026939348241917203,0.0008889138309796454,-3.253898844222044e-8,1.550595542517685e-7,1.2914011700541445e-7,-0.06970699961658311,-1.053622066801635,-0.010040671283452623,-13.864647265739777,-0.1737389435319218,0.24067243828571372,-9.199919097631302e-9,4.1263326391586326e-7,-2.657627810339597,-5.050263628871292e-8,-0.02105522401367255,1.5582090306929736e-8,7.007272436580773e-7,3.954387407102481e-6,-1.3095755204351813e-7,-2.8692674773698297e-8,3.822706928123575e-7,-1.507962973847002e-8,1.7578932229401493e-9,-7.957588919277692e-8,-2.99167205586906e-8
0.00866487956074714,-5.205484219189591,1.7444948909696012,0.11557060320840963,-0.3035864034432603,-0.036282102953296765,-0.004317385330612556,-0.4249451568097251,0.04375392221683772,2.193668121342382,-0.02521826412576908,-1.435533651491098e-8,1.1605988556760698e-8,-0.2748323788334101,-1.928064357045636e-9,3.056472227091981e-8,-0.03594152641272664,-1.044449270775261e-8,-0.018095705545876594,0.009891562748876433,-6.047084321783377e-9,0.05563751432623358,15.227081169800394,0.8652231905882615,0.05985101252501559,-0.1249800832427923,-0.01834854427543134,-1.1796729558134521e-8,0.9935131375840278,-1.9864984563026111,3.3750549764847613e-9,0.25320921519862377,-0.003940470747572625,0.5486177176689545,0.23346035111578164,-0.11446083298577847,0.035941507799685614,0.01809568343298198,-0.009891567426336753,1.1755271833631125e-8,1.050152344451674e-9,-1.572077396479607e-8,-0.05602990791731497,0.0043379619926090796,0.4249455774961934,-0.04373956127110511,-0.20716973162482763,0.020760959399567885,-1.6316569593767519e-7,7.987529541636028e-8,-9.061276109477141e-7,3.596118675458452e-7,0.011398019644398433,3.1759876064201055e-8,7.171898734005006e-8,-0.0548695176715474,-0.009819908495024742,-1.3486006842354584e-7,2.1957930739629405e-6,7.579110531036639e-5,5.7528490954182286e-8,0.0028302994353358647,0.0001843779634312332,0.016625890034571364,-3.032278062944625e-7,-1.1388420037631591e-6,0.0044559359103986925,-0.25321452747807444,1.0955253752288962e-6,-1.8534392952315435e-8,-2.9667133755825964e-8,-0.011398040615008804,-2.1128890312105887e-7,-9.849522392442055e-7,-1.6281510219348462e-8,0.009819949198407747,0.018482198659915818,1.1113976111146905e-7,-7.569212257895483e-5,-0.002830407518393748,-0.00018439600859421882,-3.841245651089156e-8,1.8399239493267873e-6,3.257511969670522e-8,0.0112761870582972,-0.9934880246352232,0.003935294525275195,-0.27377473784406653,-0.23345136131976257,0.1144603123601755,2.75677064256108e-8,1.9640009611904564e-6,0.05486956414587856,4.7848817403792886e-8,-0.01848224018318197,5.461318044105418e-8,3.480755222684564e-7,-7.971165320833905e-7,-2.5455906266113157e-7,-2.1211447529901738e-8,2.4214835907465283e-8,9.419413853988334e-9,3.507221488581815e-8,-2.7161206620404194e-8,-3.360181585668642e-9
-0.8420390867472222,-0.5492839009610606,-1.1954379388941048,-1.48015384104004,-2.965311240969876,-9.69146800695948,-0.0024877288707452413,0.20854153708101608,15.138174406834791,-0.02521826412576908,58.70545896448479,5.990365317655076e-9,-2.3413657798767356e-8,-4.620322295849508,-1.5073455812193061e-9,2.5594264749253104e-9,-0.3772115319701343,2.9264349973066786e-9,-0.1770957120834967,0.10443983706246826,-7.941251360609673e-9,-0.012815875253159657,-0.17438572162830543,0.3635604187931178,-0.5277708325363466,-1.2194219693682566,-4.182685196621895,-1.944203850307957e-9,-0.4851722393969047,0.4034380649605933,-4.353190080479791e-9,-1.0453146208505988,-0.004497042052504274,1.5096727323765888,-0.08978772563123552,6.692671198441357,0.3772115291010796,0.17709571433019616,-0.10443984210434219,-1.26052662702224e-10,1.7030400284624597e-9,6.906839630617642e-9,-0.11498273288514357,0.0024678592498363246,-0.2085329898046602,-15.138166602999126,-0.37821292214220026,-4.028477114282332,1.9358355832458052e-8,-1.0019186621071484e-7,-2.123722040570553e-6,-2.5325455856395876e-7,10.903364609309243,1.538611411939766e-7,-1.1503078395094411e-8,-0.1324672186643812,0.573612960124279,3.325072156522027e-8,-1.1555193778004492e-7,0.26743767347118735,7.080859013124918e-8,0.1402232822550911,0.0003985727536490442,0.6549172443401994,-2.122633052932557e-5,-5.479439697638525e-6,-54.67690160234829,1.045313045747222,-9.884812577139875e-6,3.219836245288997e-8,-3.0462776757775594e-8,-10.90336434042353,7.627122715941128e-8,-9.672656451690407e-7,-1.0819160864567948e-8,-0.5736129292104887,2.8361511617914563,7.867105600420169e-8,-0.26743756543626535,-0.14022330435436842,-0.0003985103911259264,3.4820456374823617e-8,-5.0518455526246514e-8,-1.557569578658628e-8,0.021695111327270252,0.48517498770181916,0.004485944207587393,3.11064365836694,0.08979464658973893,-6.6926721781008345,2.9017249163874043e-9,-1.592001765805353e-7,0.1324672648995333,3.705680758245336e-8,-2.836151192870718,-4.397577457533615e-9,-3.1197747085420165e-7,-1.7653768364934262e-6,7.370650546164164e-8,1.2238308370344512e-8,-2.0054018526111009e-7,4.874455747278883e-9,8.426344462200909e-10,8.462554678135465e-9,8.983928760711675e-9
2.924197061073189e-8,1.1330766680649373e-8,-7.613795940407496e-9,4.141504850154201e-8,2.378716376667109e-8,-1.1202585819053481e-8,-6.045226459329585e-10,4.917637185836585e-9,-1.3277620536713394e-8,-1.435533651491098e-8,5.990365317655076e-9,1.4372163737502143e-9,6.3427487744439936e-12,1.3648101089522838e-8,-2.3392124638755802e-12,-4.6223661569473815e-10,-1.187624735635809e-8,-2.317352197285536e-12,-5.412132208293573e-9,3.5802618245501564e-9,-4.753072009499914e-10,1.2154818459509326e-8,8.044252680907208e-9,-8.058638001882734e-9,2.1144960838958217e-8,1.184634346240829e-8,-5.824976233683941e-9,6.528232922580547e-13,1.4903969204860645e-8,7.945296873024225e-9,-3.6585992034152546e-13,-1.517837211101168e-10,-7.983555756262004e-11,-1.9921417879247226e-8,-3.839510724813038e-10,3.367540017307006e-9,1.188440346460827e-8,6.144846798750795e-9,-3.585462620981308e-9,-1.0254056197516857e-12,2.994331322888694e-12,-2.724309931220751e-12,-1.423883889093884e-7,2.922696950752986e-10,-5.327291505400832e-9,1.3473866021941575e-8,6.201072785278244e-9,-4.8264949407517935e-9,-2.2891687580480583e-12,-1.5509181930743334e-12,-1.1960683215748533e-12,8.707259425231148e-13,-1.4134911075294252e-10,4.8032477270463306e-12,8.971258177820627e-12,-8.441928162291022e-10,6.502226015084023e-10,-2.3799009877322925e-12,-2.8678867994644227e-12,8.585195607437791e-11,3.2772817300929055e-12,-8.979345002843998e-10,1.2483593403003313e-9,4.067507866504229e-8,-2.1058527559655122e-10,1.1413271408185469e-10,-1.7056811863408412e-9,3.2427165447034466e-10,-4.5058426773059774e-10,1.5950085667603635e-13,-3.646228916578726e-13,1.4032305531137976e-10,-3.920375209130973e-14,-3.538480347105652e-12,-2.3015372180805557e-12,-6.517107498376945e-10,2.0676374618457263e-10,-1.2407528320837598e-12,-8.347255785843937e-11,8.986991664723294e-10,-1.2475771490738523e-9,-7.25214766742002e-13,-1.0349547637839881e-12,1.4207579491473946e-12,3.656644086436074e-8,-1.4957351662274947e-8,4.739179089613865e-11,6.427761653343145e-9,-7.811824612300788e-11,-3.2453981819590434e-9,3.249092013701306e-13,-5.2826933222350396e-14,8.432630028218697e-10,-2.6959025071522645e-12,-2.0657131973927317e-10,8.441801364076525e-13,-8.356415328874918e-12,-1.6983691127555344e-12,4.027467126773755e-12,3.3972363431772654e-12,1.979311171410647e-13,-6.951545949380143e-13,-5.969495754252225e-13,-6.952104653954722e-13,1.1150820294802184e-13
-1.6137616595464562e-7,-2.606339052449725e-7,1.0310846194116618e-7,-1.9679944174540276e-7,-9.205923983736123e-8,5.408872634899021e-8,6.289986999590557e-8,-9.189160205206694e-9,5.379942581146062e-8,1.1605988556760698e-8,-2.3413657798767356e-8,6.3427487744439936e-12,2.2891086156253443e-9,-6.339107079322513e-8,1.1946246958249635e-11,-1.764524349392448e-11,1.195846648901691e-8,6.182249373397196e-12,4.628180808104503e-8,-2.963022777209303e-9,2.087378247684892e-12,-6.854738456256783e-8,-1.1229272406969714e-7,6.789087845310336e-8,-8.776025709796269e-8,-5.267467602064283e-8,2.4027014070802755e-8,-4.36052417803082e-13,-6.1030602590073826e-9,7.447970506431186e-9,2.2992316618015044e-12,-3.5800659860853617e-9,1.6157000110409574e-8,1.0253517513123781e-7,-4.2392584911385725e-9,-1.8603300598734977e-8,-1.1959930346402574e-8,-4.6268921135136616e-8,2.963563590950556e-9,-7.1802498062844e-13,-1.9211429129050714e-12,-1.2031555275648358e-13,7.916284456124148e-7,-6.13380089480119e-8,3.0822134621473894e-9,-5.2948355048948885e-8,-1.6821861172610054e-8,1.7213874438055348e-8,-1.464586831042687e-11,1.0502381069972207e-12,9.073998529559466e-12,9.31435948040637e-13,-2.3895442481317875e-9,2.004142797182361e-13,-4.7023488789240045e-12,-8.592619274534609e-9,-1.3971198149528692e-9,-3.826729907591208e-12,-1.010051560898508e-12,1.296518427952832e-9,8.027288937661742e-13,-1.6818360766086037e-9,-6.05821636494718e-9,-2.2631586599880168e-7,9.612376707945356e-12,8.04699386354634e-10,6.135410314444211e-9,2.9499066345774127e-9,3.408111897511123e-10,4.806828113060806e-12,1.1139212279884095e-12,2.387947260505613e-9,2.2166065695421115e-12,3.1810617680697483e-12,1.471517630010611e-12,1.3881771002730407e-9,1.8284877107698145e-9,-3.4236968201267707e-12,-1.299243775804332e-9,1.6864456864534736e-9,6.051954133985364e-9,-2.3371389316459023e-12,-5.987415952268114e-13,2.125758686693144e-12,-2.0404916523017164e-7,5.942482078128588e-9,-1.5244238845826445e-8,-3.935602047593204e-8,5.376961451712839e-10,1.8842451286983966e-8,3.0696989038223434e-12,5.519858191626858e-12,8.582434093510482e-9,2.474218393673439e-12,-1.8239852249622081e-9,-6.05463461205912e-12,8.118868265218018e-12,7.132523589154084e-12,-1.0494904940823025e-12,5.619205222470901e-12,7.228694509707184e-12,-3.431397062707437e-12,2.9139282308073322e-12,-1.6755949620945494e-12,-6.279396220663694e-13
-0.7170506824679437,-4.702971435295941,-10.98797362720026,0.7627985137079936,-1.7439616948335144,-0.020593031099085248,-0.007118121838285967,1.8556801881395981,13.07813203008531,-0.2748323788334101,-4.620322295849508,1.3648101089522838e-8,-6.339107079322513e-8,60.49836348422502,-6.045488962079121e-9,4.197721634902694e-8,-0.2229817446531092,-4.695258816834945e-9,-0.10653672057623093,0.058331284611507626,-1.6749102686968495e-8,-0.002588244991479597,-1.9200535045614757,3.8855204683752915,0.38862762795623335,-0.7169050384956359,-0.025224223088459355,-1.0875152720459228e-8,-4.3270682353878875,0.4086179208799562,5.577789265050035e-9,-0.06727039355004603,-0.011382275837635942,-5.724622963119202,-1.010169297043865,-7.082544785184119,0.22298172382207018,0.1065367095098728,-0.05833128619810823,6.930708344960311e-9,2.50736899498376e-9,9.675607401311815e-9,-0.1531550556689791,0.007105741188763075,-1.8556882234870096,-13.078128924791542,-0.13378680855226088,1.815463388320448,2.5588305958093593e-8,-2.0029614191248777e-6,-2.669408024545089e-6,-3.5241230913264305e-8,-0.11665222438463187,1.9961194497840517e-7,-6.734515383229951e-8,10.977817591016292,-0.6081376479295764,7.925525603442732e-8,-2.2759381782023348e-7,-0.004737960348173683,4.178383508481726e-8,0.012372659032545428,0.0006719396922305838,0.03641825818014391,1.027269851540241e-6,-1.3603589964057689e-6,2.804861681313233,0.0672721852827799,3.704130149012093e-7,-3.582592043727312e-8,7.920125136752998e-7,0.1166522244093873,-7.834254038398473e-8,-2.0394608055190386e-6,-4.035942203326801e-8,0.6081376306046655,-3.1664101066513526,9.970195571743505e-8,0.004738001936784132,-0.012372612350846019,-0.0006719679406393512,2.8683336137390323e-8,-5.426533611815775e-8,-2.4876367065196224e-8,0.6663986152040571,4.327067599955136,0.011368108489700959,-54.77368839211148,1.0101945104504424,7.082535394428686,9.53777554919836e-8,-2.3996147691646386e-7,-10.97781749192974,1.1458878157258208e-7,3.1664101038071824,1.3655022380770444e-7,-1.6136984233935266e-7,-2.5045611074641963e-6,-3.2278560944381464e-8,5.110363012360696e-8,-1.6901880991474948e-6,1.8076882032118542e-8,1.592864106321671e-7,5.972490899196729e-7,6.417692204295873e-8
-9.183280711325466e-9,1.2770076556551567e-9,-3.878982942109431e-9,-1.9432962297856804e-8,-5.7293398425571955e-9,5.815115300773651e-9,-1.3462135990285073e-9,6.585566234100081e-10,4.337628302116871e-9,-1.928064357045636e-9,-1.5073455812193061e-9,-2.3392124638755802e-12,1.1946246958249635e-11,-6.045488962079121e-9,2.3316136106785736e-9,4.172816976892141e-12,-8.120037426142686e-9,-4.3048067761572045e-12,-7.020953631552515e-10,2.769296891310936e-9,-1.859555737559628e-13,-3.975582908504479e-9,1.2996699759594517e-9,6.973197931027836e-10,-6.008382988875576e-9,-2.2554095822670667e-9,1.7009660594552617e-9,5.4451625971240146e-14,-2.6541106033193354e-9,3.3418165062142585e-9,-2.4754535699415497e-13,-7.85708333445475e-10,4.584642738936899e-9,1.0472470119721212e-8,-4.840749240521163e-10,-2.4427981511951483e-9,8.119994814184494e-9,6.980726259078492e-10,-2.769155010716374e-9,1.245559180864977e-13,1.5820700574286304e-12,-4.7667603424738214e-14,4.4676623243194104e-8,1.3650293672180264e-9,-3.8653036037992903e-10,-4.342435306770291e-9,-1.7767175053148586e-9,5.974681424461317e-10,-3.145610049303334e-13,-4.161229982257435e-13,2.6487533690808973e-13,-4.1136442563888586e-13,7.857201394436098e-10,-4.534362431398281e-13,-4.508777792973007e-12,-1.583806252604313e-9,1.96930907908855e-9,9.683948468184732e-13,5.94079007817166e-14,2.1963634158791835e-9,-6.039950103828328e-13,-1.3042493374712442e-9,-1.2503284309496788e-10,-1.271999824240631e-8,-4.1055303498473833e-10,-3.25906224143705e-9,1.2854397978147114e-9,8.107833202872965e-10,-2.286641886218189e-10,-3.0315143041587735e-13,-1.7265107978519795e-12,-7.847419785232765e-10,5.171979715347681e-13,-2.350776104659074e-13,7.484216664013784e-14,-1.9796680495886057e-9,6.537978891236151e-10,4.405444132034575e-12,-2.1937038803874285e-9,1.303420572690188e-9,1.2512955721535464e-10,-5.598209943732223e-13,-1.944053620828758e-14,-9.334479613153966e-13,-1.1578895266394415e-8,2.4795762180033365e-9,-4.514505323467594e-9,-4.448318825019556e-9,5.59090866400507e-10,2.335373182515749e-9,-9.207462351711866e-13,-2.9900040192362883e-13,1.5839986781841217e-9,-4.559946507410217e-13,-6.538411504956654e-10,3.982484926801185e-12,-2.064558631373075e-12,4.033958502466559e-13,1.9537372098752e-12,-1.6490271008907895e-12,-1.0586124565922677e-12,1.3441341858813253e-12,-7.366959201785172e-13,-1.5072960769759436e-12,-4.016434049041739e-13
9.066890251673167e-8,2.475135306275509e-7,-9.799037655725712e-8,1.3395454986318386e-8,5.984768264479662e-10,-2.294701769249064e-9,-4.560169563287182e-8,7.932717450342883e-10,-8.967904812760247e-10,3.056472227091981e-8,2.5594264749253104e-9,-4.6223661569473815e-10,-1.764524349392448e-11,4.197721634902694e-8,4.172816976892141e-12,1.374972536022362e-9,1.5274218725365882e-9,1.2434578354729354e-11,-2.9002525612583005e-8,-9.386145063620633e-10,-3.4632484463056715e-10,3.9530242031795084e-8,9.791682298990753e-8,-6.013793225216225e-8,5.300885249723575e-9,8.37805552469067e-9,-7.14461673176962e-10,-2.7609636859540504e-12,-6.381370618117541e-9,-2.6510129424453572e-8,1.0041380865344826e-12,3.024516694688815e-9,-7.211138047255319e-8,-8.502897147391912e-8,3.1443285836587682e-9,1.72510882914878e-8,-1.5428506136944251e-9,2.7862880131748544e-8,9.375599029526357e-10,5.474153171245663e-12,-6.854645046916959e-12,-2.870686557107622e-12,-4.5344490233913586e-7,4.259991273042928e-8,1.086154911800209e-10,-1.6335339762069238e-9,-3.2965877987613055e-9,-3.89506661501604e-9,1.0853142168931663e-11,-8.539066259347458e-13,-4.163972551917935e-12,-1.141914513882069e-12,3.746629333031457e-9,7.091652016379742e-12,-2.2844161060724147e-12,7.576738554525241e-9,1.145515391943336e-9,4.393162484007342e-12,7.175924260314743e-12,-1.6534642693680588e-9,-9.652022316207211e-13,1.7596327357959197e-9,2.536721439644249e-9,1.2976772947788836e-7,5.124275467013197e-10,-1.4550070316615108e-10,4.251454550463017e-9,-2.976335705118797e-9,3.5081822596225036e-9,-2.3142836789710916e-12,-1.4122595419768085e-12,-3.744544118597077e-9,-1.3822526724452157e-12,-5.136831868286577e-13,-2.7980691110532117e-12,-1.1421517960438877e-9,-1.1981808319242623e-9,-3.329987997424163e-13,1.636356184766522e-9,-1.7684094106128796e-9,-2.5353857962545586e-9,1.1628466561306535e-12,2.3277047028062576e-12,2.742001934954038e-13,1.1702964060789772e-7,8.696330394474836e-9,7.134423208840333e-8,4.5180375509712196e-8,-1.5382251341488062e-9,-1.7658188186628015e-8,-1.3188975691974833e-12,-3.1715624268536714e-12,-7.56801268724721e-9,-1.3329898149870345e-12,1.1946329624688458e-9,-2.3054117564899754e-14,5.54453562376605e-12,-3.6187719945589645e-12,-2.6266055645925817e-12,-1.822536352428339e-12,-6.715488125303497e-12,9.885363983081296e-13,-2.3377058835377477e-12,1.585197055276773e-12,4.035894429982742e-13
-0.0376170570370673,0.07299364719097767,-0.07540340362688944,-9.85663039484848,10.571088837605453,2.7098059912540116,-0.0005637766136179168,0.01502997153885962,0.883307804078951,-0.03594152641272664,-0.3772115319701343,-1.187624735635809e-8,1.195846648901691e-8,-0.2229817446531092,-8.120037426142686e-9,1.5274218725365882e-9,7.875880212151069,-4.752174054976193e-10,0.6254068124180437,15.066447404681206,9.999728329657432e-10,0.12815566364097436,-0.26740541019951924,-0.002000726805556258,11.580991478428434,4.351832403105804,-3.1435330029119357,-1.865935843401782e-8,-0.03455860704074326,-2.128998570681153,9.508777491721444e-9,0.6156625928731881,-0.000704146750523707,-0.01047138725555236,0.551622021387419,0.052643678946944134,-7.8758801787563355,-0.6254068181038397,-15.06644740545871,-9.362667090932516e-9,-8.11316979351731e-10,3.0737509846618442e-9,-0.06478671898712603,0.0005543830110782437,-0.015027930244314975,-0.8833085762764519,2.1649379338761334,0.25894262305272514,-3.339502210512579e-8,9.187670031340303e-8,-1.5540583281334277e-6,1.4072872848531183e-6,-0.02167816855233305,3.1951768921342465e-8,1.0047009688704728e-8,0.0009507541868212942,0.004528965200861826,-1.0895466698307833e-7,2.0938418752000756e-7,-1.3694373893312584,4.9208463308671497e-8,3.103851898256683,0.0002488593083820045,0.017056244420392136,1.947496770278591e-6,-1.0262558118235491e-7,0.11827020581690018,-0.6156625260239548,4.357323138199196e-6,-3.758460891070515e-9,-4.273273202046591e-8,0.021678611769178586,-6.615190047245071e-7,-1.809671795473073e-8,-3.4604277125150134e-9,-0.004528980157503849,-0.005850955530107414,1.3951709498264054e-8,1.3694374941265246,-3.1038518618012354,-0.0002487705835158577,-2.1852197184740383e-9,1.9350695826607358e-7,-4.375178722798947e-8,0.016579762182602244,0.034566160338006684,0.000706599932126678,0.23346657498873774,-0.5516094889484728,-0.05264670581282034,-4.083516449178237e-8,1.5502086055539116e-7,-0.000950764806685229,8.200158541798715e-9,0.005850913578445741,-1.5368152733961796e-7,9.948123406900513e-7,-5.095545539560999e-7,-4.425222172119922e-7,-2.2015998005700372e-8,-7.559667892833508e-8,-3.6688212832556903e-9,-1.281925295649897e-7,-7.327530581196416e-9,-1.4070775485122242e-8
